1 1591
1 1827
1 1665
1 3087
1 2344
1 1033
1 1605
1 1680
1 1264
1 1844
2 3059
2 1665
2 1379
2 531
2 670
2 1470
2 1727
2 2002
2 2905
2 2931
3 1366
3 2233
3 1665
3 2931
3 1135
3 3077
3 1098
3 1003
3 2002
3 1650
4 1665
4 2931
4 2233
4 1856
4 1727
4 3077
4 2002
4 2916
4 1135
4 2289
5 2233
5 2931
5 1665
5 2002
5 1856
5 1366
5 1727
5 3077
5 2003
5 2470
6 2233
6 2931
6 1665
6 1727
6 1856
6 2916
6 2002
6 3077
6 2911
6 1003
7 2233
7 1665
7 2931
7 3077
7 2289
7 1366
7 1856
7 2002
7 1727
7 2181
8 2217
8 2289
8 2776
8 1928
8 637
8 2931
8 3077
8 531
8 1847
8 3076
9 1928
9 2198
9 3077
9 3076
9 2358
9 2931
9 1366
9 1387
9 1572
9 2127
10 1366
10 1098
10 2316
10 2645
10 1811
10 2705
10 3077
10 2289
10 2406
10 2851
11 2923
11 1366
11 1098
11 2208
11 2316
11 3077
11 2699
11 2906
11 2317
11 2705
12 1462
12 3068
12 2198
12 2319
12 2882
12 2985
12 1324
12 1572
12 1591
12 2127
13 2897
13 48
13 1362
13 2217
13 2645
13 397
13 1726
13 2181
13 2289
13 1030
14 2233
14 1135
14 2289
14 2181
14 2889
14 3015
14 1665
14 1727
14 1366
14 1650
15 2233
15 2002
15 2344
15 1366
15 1665
15 2931
15 1135
15 2181
15 3015
15 2889
16 2931
16 2002
16 1665
16 2233
16 1135
16 1366
16 2198
16 3077
16 3160
16 1847
17 2233
17 1366
17 2002
17 1665
17 2931
17 1135
17 3077
17 2344
17 2181
17 2198
18 1366
18 1665
18 3077
18 1098
18 1811
18 2233
18 2289
18 2181
18 2217
18 3087
19 2692
19 2884
19 2902
19 3166
19 1601
19 2263
19 2273
19 2289
19 2767
19 2950
20 1856
20 3152
20 321
20 1847
20 2263
20 2289
20 2692
20 2931
20 2598
20 670
21 1366
21 409
21 2002
21 2931
21 796
21 1680
21 2289
21 3077
21 2092
21 2233
22 1366
22 1665
22 1847
22 2289
22 2931
22 3077
22 1856
22 1003
22 2181
22 2572
23 1366
23 1862
23 409
23 2092
23 2709
23 1680
23 2002
23 3077
23 796
23 1525
24 2342
24 3043
24 2376
24 1135
24 1696
24 1748
24 1846
24 2740
24 3128
24 3141
25 1366
25 2233
25 2002
25 2181
25 2198
25 2344
25 3077
25 2812
25 1665
25 1543
26 1290
26 1476
26 2939
26 637
26 1387
26 1572
26 1591
26 2198
26 2317
26 2840
27 1725
27 2198
27 2233
27 1856
27 1135
27 3015
27 2002
27 2181
27 1665
27 2314
28 2233
28 1665
28 2931
28 1727
28 1856
28 2289
28 2916
28 3077
28 2181
28 2217
29 1366
29 2229
29 531
29 1933
29 2289
29 409
29 796
29 1768
29 1783
29 2233
30 1856
30 2144
30 2876
30 2198
30 2985
30 2479
30 2344
30 2702
30 2882
30 1936
31 2233
31 1665
31 2931
31 1856
31 1727
31 2002
31 3077
31 2470
31 670
31 2911
32 2233
32 1665
32 1727
32 1856
32 2931
32 2289
32 2916
32 1847
32 2181
32 2911
33 2233
33 1665
33 1727
33 1856
33 2931
33 2916
33 2002
33 2344
33 1003
33 2181
34 2233
34 1665
34 1727
34 2931
34 2002
34 2889
34 2851
34 1135
34 1366
34 1847
35 2233
35 2931
35 2002
35 1366
35 1665
35 2344
35 278
35 2714
35 3077
35 2198
36 1350
36 2061
36 1265
36 2739
36 1162
36 2030
36 1454
36 1455
36 1527
36 2110
37 2233
37 1665
37 1856
37 1727
37 2931
37 2470
37 2002
37 2916
37 1936
37 2344
38 1665
38 1856
38 2931
38 1727
38 2233
38 1936
38 1408
38 2470
38 1003
38 1847
39 2931
39 2233
39 1856
39 2002
39 1366
39 1665
39 1135
39 3077
39 2198
39 3015
40 2233
40 2931
40 1665
40 2916
40 1727
40 2911
40 1856
40 1936
40 1366
40 2470
41 2233
41 1366
41 2002
41 3077
41 2931
41 2198
41 1665
41 2181
41 1856
41 2289
42 1366
42 1653
42 1680
42 1543
42 2812
42 796
42 2344
42 40
42 1771
42 2181
43 2233
43 1366
43 2002
43 1665
43 2181
43 2344
43 3077
43 1135
43 2289
43 2198
44 1404
44 2233
44 2829
44 1366
44 1003
44 2181
44 2494
44 1135
44 1650
44 1665
45 1665
45 1856
45 2233
45 2002
45 2931
45 2344
45 1194
45 2470
45 1135
45 1727
46 2233
46 1856
46 1665
46 2931
46 2002
46 1366
46 2470
46 2344
46 1727
46 2181
47 1665
47 1856
47 2233
47 2931
47 1727
47 2344
47 2002
47 1936
47 1003
47 3015
48 2233
48 1665
48 1727
48 2931
48 1856
48 2916
48 2002
48 1135
48 2198
48 2181
49 2233
49 1665
49 1727
49 2916
49 2931
49 2198
49 1856
49 1003
49 2002
49 2181
50 1665
50 1811
50 1457
50 2931
50 2990
50 1601
50 2175
50 2572
50 2598
50 2882
51 1366
51 1665
51 409
51 1680
51 1811
51 2002
51 2289
51 796
51 2092
51 2233
52 1366
52 1928
52 2931
52 2721
52 3077
52 2979
52 796
52 1665
52 1847
52 2233
53 2714
53 2144
53 278
53 2096
53 1423
53 2031
53 717
53 1501
53 2986
53 241
54 2233
54 1135
54 1665
54 2002
54 1366
54 3077
54 2931
54 3015
54 2198
54 2178
55 1665
55 2002
55 2233
55 1366
55 2931
55 1650
55 1135
55 2889
55 1725
55 2194
56 2233
56 1665
56 1856
56 2931
56 1727
56 2002
56 1366
56 2470
56 2181
56 2344
57 3077
57 1665
57 1856
57 2931
57 2233
57 2344
57 1003
57 1844
57 1727
57 2219
58 1366
58 2002
58 2233
58 1665
58 2931
58 1856
58 2470
58 3077
58 3087
58 2289
59 2233
59 1856
59 1665
59 2931
59 2002
59 1366
59 3077
59 1470
59 2289
59 1650
60 1856
60 2002
60 2931
60 1844
60 695
60 1665
60 2127
60 2753
60 3087
60 670
61 2233
61 1665
61 1856
61 1727
61 2002
61 2931
61 1470
61 2344
61 2916
61 1725
62 1856
62 1366
62 2217
62 2164
62 2233
62 2342
62 3077
62 1379
62 2181
62 2931
63 1366
63 2289
63 409
63 3077
63 2342
63 2233
63 2263
63 3087
63 2734
63 695
64 2931
64 1665
64 2470
64 2002
64 2753
64 1390
64 1847
64 1856
64 497
64 2144
